3.780342113212903365e-02
6.719926586752719699e-02
5.611885371536013550e-02
2.211354290801713016e-02
9.749018817661801728e-02
1.624038786768843695e-02
2.109431472170174987e-02
1.251637095984897696e-02
5.836035885283499119e-02
4.901415619247449784e-02
1.146226100833644540e-01
5.422483009671125523e-03
-1.802656772025533483e-02
4.338475614565961980e-02
2.702090248830078464e-02
-4.631965401199862435e-03
5.425580497142292596e-02
6.897031491299002171e-02
1.036240762088599596e-02
1.433337215596533661e-02
3.798498440205679699e-02
-2.468740306852885980e-02
-2.823537493513579924e-02
-1.101408394158887721e-03
1.989918923843327775e-02
4.598397173373126173e-02
-7.858184686387695642e-03
-7.315314639439424171e-02
-6.715998844483113406e-02
2.560274965893677424e-02
-6.540742623818697477e-02
-4.355699221523900294e-02
-3.033800309886254196e-02
-4.261722935585782190e-02
-5.682468843888833360e-02
-2.292766793062079450e-02
-4.087995419042353418e-02
-9.399919794344463106e-03
-5.811251839748109854e-02
-5.590265450597943497e-02
-8.808034032141005831e-02
-5.261343324459322179e-02
-6.838416305711374210e-02
-1.346071565168385775e-02
-4.429767079362766785e-02
-4.629632996767928110e-02
-6.271442417384932855e-02
-1.357065181400927412e-01
-3.961856055985155112e-02
-7.186757380693654940e-02
-8.733754351995905163e-02
-1.656209553667709750e-02
-4.061572735870066370e-02
-2.159227193679246620e-02
-1.408592613747315092e-01
-1.352899977234611473e-01
-7.333620333459640872e-02
-3.666568214525758179e-02
-1.019152904261902692e-01
7.584227001736621072e-03
-1.043124484871426894e-01
-1.159862118290920091e-01
-7.638103896757271472e-02
-1.857843659221150301e-01
-5.292997922582121789e-02
-9.725269298396956030e-02
1.832373519804019954e-02
-7.057840590635802713e-02
1.706828863772136273e-02
-1.600516097402234980e-02
3.650806148014722891e-02
-5.681790612600206430e-02
-7.643488501343687069e-02
-1.994943647740189327e-02
-1.488756989625070713e-02
-5.372497643033642689e-02
-5.790096443713897006e-02
-3.029449737394987116e-02
-2.498247778108144551e-02
-5.197641663417187224e-02
-4.893213113642884415e-02
-5.265071545281994198e-02
-3.253910492693341122e-02
-8.885134385684224922e-02
5.718070877992481593e-02
-2.114212567109409469e-02
7.344133966581352368e-02
5.237442497719976831e-02
-3.334819970768204689e-02
-6.828183980264734831e-02
-1.142622479855979339e-02
-2.187392214330440010e-02
-4.623382496191757313e-02
-3.221071253961660386e-02
-3.654483965852935862e-02
3.839857830783329623e-02
-6.615428109110273180e-02
-6.601174298616489799e-02
-4.037621443776700375e-02
9.518106768836664608e-03
-9.437628713409156045e-02
2.027949803275788665e-02
-3.818370318691702292e-02
-1.529889374000641469e-02
2.971845317722547272e-02
-1.860800589816897360e-02
-7.053659908563207626e-02
-2.476622032136422194e-02
-7.105968700661914605e-02
-5.847024210361571883e-02
-7.110573881965656651e-02
-1.090777735917759089e-02
1.545576394438816399e-02
-5.445272341420136913e-02
-5.450239584991633385e-02
-2.441710122430060942e-02
5.785601680146159470e-02
4.196085791765094553e-02
-6.870134054300076898e-02
4.262751494103345778e-02
-1.781934633658834380e-02
-1.214826154744963298e-02
-5.219800434929860317e-02
6.616728346356974544e-02
-7.362081029741006366e-02
-1.452317883570344859e-01
9.447200534469560318e-02
-9.772606767720926416e-03
3.523443368314903984e-03
-2.858055249229932149e-02
1.952078891946251726e-01
8.427968112590089600e-02
-6.423875455904411169e-02
-4.765968057977971323e-02
3.964911471993960712e-02
2.346972774813379028e-02
1.481961002608447042e-01
-6.395042088838973071e-02
-2.175821654808175742e-02
-1.396958170970796775e-01
-9.828635776636644727e-02
9.443037112378264986e-02
1.075438392731419002e-01
-1.596761386028906771e-02
-3.336448720641479321e-02
6.995186538205379161e-03
-8.120230559149284322e-02
2.518439481105039235e-02
7.682394612691169009e-03
-7.224085344845639772e-03
-1.451267559276015048e-03
-5.993543892748086355e-02
3.960484589580845483e-02
6.297125949520008398e-03
-3.895457496677505460e-02
3.467541955309597079e-02
-1.315284004451149850e-03
-2.670927964072726882e-02
4.149975144127838328e-02
4.028869390157262947e-02
4.116609915652938434e-02
2.476484067410742243e-02
-2.369269821357234546e-02
4.605083949131671267e-02
4.041313564577220241e-02
1.525318174962819739e-02
6.357780883619419676e-02
1.515594502469111426e-02
-5.089764287432341043e-03
3.827167868871114709e-02
2.268327692355825986e-02
1.065988206133611834e-03
-7.792104413544146194e-03
6.507516419882355962e-03
4.471741432452738113e-02
1.920011950465822480e-03
8.213432513249321887e-02
-5.038980420032849322e-02
-1.213275480167815140e-01
-7.437381182036816030e-02
-2.915490409528326970e-02
1.417462134865399986e-02
-4.878226106176005578e-02
2.343440049461161662e-02
5.958192262994820715e-02
2.620017409556344226e-02
-7.243569526033805106e-02
1.718567652928343695e-02
5.470887185336265751e-02
7.065787892479934162e-02
-7.676151193932055639e-02
-6.804081356491019882e-03
1.743532538114125202e-02
-1.685413204872277318e-02
3.177078883484138992e-03
1.039811502619588691e-02
-3.683159859215374976e-02
-7.602179546620796945e-03
-2.210920647658997165e-02
1.363023483748828681e-02
-2.782087110917623105e-02
-4.963681868215329834e-02
-2.001364635946717777e-02
-1.588805744670636691e-02
-1.111527949691117241e-02
-9.038091310625146965e-03
2.161294163601458831e-02
-1.825789648114823152e-02
-2.231019678045403128e-03
4.164968292314367992e-02
-3.900804826439660533e-02
8.902072982052967182e-03
2.752022951656640792e-02
-8.529704958320156669e-03
3.321664167305749676e-02
7.747463973974196005e-02
1.271818476617499194e-02
1.325191828755899713e-02
7.466129283890690638e-02
1.412938040374729816e-02
-4.495642119370695661e-02
-3.230854380395644515e-02
2.842416481844703066e-02
4.154339557916244402e-02
3.448095632701632385e-02
1.720034338332480928e-02
5.001260022837882013e-02
1.333141422324098380e-01
3.540822676767899080e-02
1.731993206453870393e-02
4.946908469998268637e-02
3.136267059198278445e-02
6.212445050543314445e-02
1.479339395543731971e-02
5.635222250805576455e-02
8.898407961269161337e-02
6.263989523984445085e-02
9.411400070591498246e-02
4.483030293998444687e-02
-8.413507059070440136e-03
5.220191749573458578e-02
7.451123049116559205e-02
5.293112299406074056e-02
6.790252798318273386e-02
1.315022908466055018e-01
1.687538823053347792e-01
8.424762270188597413e-02
1.005890064918924659e-01
2.487856432314374672e-02
1.908846824312032953e-01
1.347093865915675870e-01
2.536482805766096527e-01
1.152369310871677599e-01
7.062140916374129440e-02
4.274762608330495012e-02
9.853664371877259021e-02
7.605807887286926416e-02
1.462806992886329753e-02
5.958057869138863594e-02
6.529811876136018545e-02
