-6.203830190658175120e-02
-6.603787559222698555e-02
-5.191649955312949843e-02
-6.661363684223536863e-02
-7.283074562728855672e-02
-6.860939863591501708e-02
-7.176126888682712868e-02
-8.195850477345177632e-02
-8.339096447954977287e-02
-7.820826051012114144e-02
-9.377916326648967627e-02
-7.362475968239062807e-02
-7.234353015978653434e-02
-8.148280510305024038e-02
-7.545905822694155829e-02
-8.232501301429137608e-02
-5.621545379692428207e-02
-1.171810826278590761e-01
-7.654345782470614590e-02
-8.629796651000185004e-02
-8.407418331300996195e-02
-6.463991879610334057e-02
-7.659580729977426283e-02
-6.270176910201953613e-02
-7.861769171721522120e-02
-7.771475361158020068e-02
-5.382303986074081503e-02
-7.731400742253899394e-02
-7.850205140427909956e-02
-7.925456331318286862e-02
-7.057670236516842832e-02
-7.254648896080642673e-02
-7.119659759294952317e-02
-3.393807874162819982e-02
-9.050794132549698501e-02
-7.449058572034224224e-02
-6.426417983943169543e-02
-6.350701081691832728e-02
-6.107218633863573110e-02
-6.334669992676694728e-02
-6.001398127728712478e-02
-7.323375082904380606e-02
-6.759700799277050531e-02
-5.621731885911906285e-02
-5.938479649307287778e-02
-5.541647430410520658e-02
-6.301518507353127962e-02
-5.541168321891207921e-02
-5.919739288206233435e-02
-5.868500688542845067e-02
-7.354364870699285628e-02
-6.332519066696325194e-02
-5.473852100330547921e-02
-4.467856575223482646e-02
-5.736828697105156999e-02
-6.679587554459161247e-02
-5.282701789665957687e-02
-6.816346337191224458e-02
-6.059849483379779744e-02
-6.703529676341901666e-02
-5.476868054822280063e-02
-5.093679937045360318e-02
-6.514970242517534316e-02
-5.067438512093108000e-02
-4.894286673470704674e-02
-3.853563449280078546e-02
-5.312349164580446731e-02
-5.052436235208448284e-02
-4.402005442080349912e-02
-4.129261926624874790e-02
-5.386768081927524598e-02
-4.386463265068334116e-02
-2.857721449039252529e-02
-2.202775475171648428e-02
-3.531461383685516320e-02
-3.010963974195289550e-02
-2.495701791403391601e-02
-2.678235583008565721e-02
-2.648145753564630153e-02
-1.968568508918365143e-02
-2.373372854788773773e-02
-1.556035439101803065e-02
-1.932065337925194942e-02
-1.067629614617795000e-02
-2.329792644712272084e-02
-1.954875837031500377e-02
-2.247558351718391065e-02
-1.659826013612047957e-02
-2.083657766588845744e-02
-9.920146266474496460e-03
-1.276423813501978942e-02
-1.385682243458143462e-02
-1.010125969968021960e-02
-2.417820976846967243e-03
-2.085567820987456467e-02
-8.821115443898986178e-03
-2.198106203966257791e-02
-4.452560470636805941e-03
3.174555239168632727e-03
4.061811520723775971e-03
2.965059233490075635e-02
1.047519233541342396e-02
1.786169028665433173e-02
1.236739297902410446e-02
1.168049064422135679e-02
1.887122005328461388e-02
4.325501362960688240e-02
2.438937440891356806e-02
4.059217450677010675e-02
2.952467110357211155e-02
5.550840376954152555e-02
4.300788900308176455e-02
5.046670117098128738e-02
7.851501434827913573e-02
8.006725479699483561e-02
9.872623245218541121e-02
8.819625615878948222e-02
9.127868799663309274e-02
1.109818284300430891e-01
1.030826235389171452e-01
8.357797616311833655e-02
1.195601055333090496e-01
1.395061428054969743e-01
1.233006787492656325e-01
1.388215562235242673e-01
1.432419345113567222e-01
1.051380151582982925e-01
1.128685226982590467e-01
1.162196587660836722e-01
1.080054310238197507e-01
1.361751381520603099e-01
1.354915963889220254e-01
1.522435335444595472e-01
1.203000020888547045e-01
1.061450992065045146e-01
1.542648566297896151e-01
1.795454087145959277e-01
1.457950507361771009e-01
1.743773347276369179e-01
1.506874157398730429e-01
1.451499097393486593e-01
1.229658941444362469e-01
1.740813220320790167e-01
1.117130462711503208e-01
8.807187336491528740e-02
5.749241210688160048e-02
8.057323647409174450e-02
1.003191593756892624e-01
6.790805992254496382e-02
4.481960781929297810e-02
4.089793743053805886e-02
7.229812528774001712e-02
3.184692792258195237e-02
1.500419058361935135e-02
2.075004042929074269e-02
1.069737111670887586e-01
7.949518600051418138e-02
6.900808646169201421e-02
4.450489103682058606e-02
2.714404075477395636e-02
2.276985935756440163e-02
2.739410346367087551e-02
4.187707264561191245e-02
2.727624307400488418e-02
1.981885903947640942e-02
3.042190164855896120e-02
5.488242693438997316e-02
3.325173345823442816e-02
3.748853695737669467e-02
3.318242800205814524e-02
2.768687173873275037e-02
2.122799618724548892e-02
3.217195609287314129e-02
4.600807651507682339e-02
3.629664384989932102e-02
3.512462199285514008e-02
2.109933489961117806e-02
3.625176527049060737e-02
3.840510570720544192e-02
3.392199113839525909e-02
2.343492507033760261e-02
2.500000325261396428e-02
3.192800090791646922e-02
2.131465130694519886e-02
1.784136242953158688e-02
1.664886185764804377e-02
2.957832495824875077e-02
1.964057466260834758e-02
1.371523644430261944e-02
1.033211144641360373e-02
2.337395848260295436e-02
1.672307001322109396e-02
1.392735213679058628e-02
2.275870570127056305e-02
1.456144060376763846e-02
1.339058464134006317e-02
1.694190503619385016e-02
1.371482129137102483e-02
1.445700719805905095e-02
1.188745227482029473e-02
1.801029021278895831e-02
1.287151617502335470e-02
8.476282363266666661e-03
1.228952413534402030e-02
8.816081201471155648e-03
8.941117048293702532e-03
5.277496612749946713e-03
1.127471326427615175e-02
7.080390973296434541e-03
2.116087642127195603e-03
7.785563795329998593e-03
-7.776462070507015635e-04
-8.755127439850327736e-03
-2.387906774090840789e-02
-1.800189823542959477e-02
1.503238414922733164e-03
4.106991469570932425e-03
-2.884886482577247394e-03
-1.230467304236914673e-02
-7.078248008497595514e-03
-2.671413727149571544e-03
1.119083367003612106e-02
-6.123049402351524693e-03
-6.475392204535191688e-03
-3.087161786393640903e-02
-7.620588756444061224e-03
6.518740361474095746e-03
-1.875606132304058135e-02
-1.750174357693822652e-02
-1.543440599177688284e-02
-2.782931565996441675e-02
-3.118311449116031170e-02
-4.088391102788104664e-02
3.684766798442918462e-02
-2.011420239543326022e-02
-2.669197411996195035e-02
-2.119581366359275798e-02
-2.860537698018284641e-02
-3.011732774108450555e-02
-2.617507115578800170e-02
-2.621914826667915907e-02
-3.639459094488667334e-02
-4.017284232770976238e-02
-7.081267505548945185e-02
-4.310508967934914559e-02
-2.912870455199150291e-02
-4.037034225135744531e-02
-5.471295202873927011e-02
-5.654591949060143452e-02
-8.517485515785541694e-02
9.955600603175879248e-03
-3.869892910018280993e-03
3.131825382297330485e-03
-2.886100124674029210e-02
-2.425839995067121876e-02
-4.153871641371692514e-02
-3.363253024728884294e-02
-3.505900991021486390e-02
-3.542782308640915478e-02
-5.731914970646338758e-02
