-3.240947492299515315e-02
-5.530250012699797907e-02
-5.820924401473494270e-02
-3.916733421733034626e-02
-8.672396522537073604e-02
-3.535061131922855038e-02
-3.792121240963923501e-02
-4.464976907527340444e-02
-6.627068422720441832e-02
-5.925097057983721299e-02
-1.027119260389155325e-01
-2.995877996548277841e-02
-1.445532440028700870e-02
-5.955721667217602627e-02
-4.254440009498654252e-02
-2.362692723268501951e-02
-6.648750778138834416e-02
-9.617035458205008824e-02
-4.365999104293602495e-02
-5.460547932448076708e-02
-6.163263142775831510e-02
-2.184829596995633075e-02
-3.196062704524217646e-02
-4.224314734822196687e-02
-6.259294939366503996e-02
-7.253033784415695295e-02
-3.141330801784975729e-02
-1.563742850493412065e-02
-1.205935242767907506e-02
-6.910862759213166895e-02
-8.657369835189948279e-03
-2.175183690502622419e-02
-2.110533994549485676e-02
-3.602950937499489661e-03
-2.701699411699548872e-02
-4.537170881145469181e-02
-3.644264380675849013e-02
-5.059352970534803512e-02
-2.274385670737687909e-02
-2.894873176565905537e-02
-4.976013698510099205e-03
-3.069482562168582285e-02
-2.059652141586422805e-02
-5.074157296612776674e-02
-2.779080484547124738e-02
-4.130307811299020054e-02
-3.437673987252810176e-02
1.690445368467416790e-02
-3.374869543506423680e-02
-2.352690818349998172e-02
-1.702082351124691029e-02
-4.817920615380644200e-02
-2.515574536753475629e-02
-3.631446677332824530e-02
6.268705505110149304e-03
-3.294279601649157362e-03
-3.546585207431472708e-02
-5.200810519749573396e-02
-5.740388403913042684e-03
-6.859541049049056038e-02
5.553555447325353792e-03
1.058015878773613944e-02
-3.079322476718851162e-02
3.110205092016573442e-02
-3.108452494280792427e-02
7.230703804649801433e-03
-7.229684486257288711e-02
-1.745832059191096408e-02
-5.811032866582698658e-02
-4.847572459552496743e-02
-8.755248899566987764e-02
-3.492756352684158599e-02
-1.614541220549640596e-02
-4.753850904611907346e-02
-6.611373344239819538e-02
-3.560546665279247514e-02
-2.295359604243939200e-02
-3.565077285192214812e-02
-4.916316177253890474e-02
-3.480064771743023727e-02
-4.640202866546724869e-02
-3.293098364968614911e-02
-5.172996960816726719e-02
-2.080118982279326872e-02
-1.030252827093148388e-01
-6.137132963435339150e-02
-1.111350558509782011e-01
-1.000921055456646808e-01
-5.160970922396249799e-02
-3.296847889207270982e-02
-6.899586918817690595e-02
-6.123165091052876902e-02
-3.500108626226769437e-02
-4.394880666535474351e-02
-7.010744070027502550e-02
-8.378651007665871564e-02
-4.837789525071103935e-02
-3.104146180682020723e-02
-3.519225322995968991e-02
-7.313937691812026631e-02
-1.661055914279554319e-02
-6.276549852676342744e-02
-1.710967805543790396e-02
-3.223113686196892036e-02
-9.696444940189549722e-02
-6.228123338108810386e-02
-2.691533343002804751e-02
-5.622091116679018424e-02
-3.201322806997713294e-02
-4.081761185245377094e-02
-2.660279926409834031e-02
-6.355306997696073823e-02
-7.337356066165857948e-02
-4.324797744473608124e-02
-5.925422574605829218e-02
-5.753537129234793240e-02
-9.564588796170377105e-02
-9.753356894152431789e-02
-2.098349502159548713e-02
-9.211798299564540049e-02
-3.674736292123880615e-02
-3.449150983488684374e-02
-2.168245979407939367e-02
-8.188554955130551705e-02
1.025074410741011466e-02
5.408928248044547055e-02
-8.127769530646625218e-02
-9.272865824841878754e-03
-1.684380911888091331e-02
1.585035704195197209e-02
-1.640562350937161129e-01
-8.753669126170326997e-02
2.279947877096143855e-02
4.290790791935620435e-02
-8.119554022967956494e-04
-3.446574309686285809e-02
-1.407166569254509891e-01
7.556587402575599619e-03
1.592533846155986046e-02
5.675433180754004686e-02
5.731553134189092125e-02
-4.130106707694135293e-02
-6.763475837536185586e-02
3.723923866866984261e-02
6.129379529725469816e-02
4.744508505521031344e-02
9.473700349066863091e-02
2.712037280095556165e-03
2.891455148716394127e-02
4.828129169309011703e-02
5.226510145675509339e-02
9.328896072251297023e-02
-5.327073226246203073e-03
2.899861970132772485e-02
1.162761025087491601e-01
2.934852259824029599e-02
-1.356018644929710484e-02
-1.280696421031809161e-02
-2.191989988127872324e-02
-7.574190364501496436e-03
-4.607310480252170375e-03
9.183943176995019086e-04
2.287406663858132516e-02
-1.235841146750990202e-02
-1.204437843193570184e-04
2.911297805801009789e-02
-1.493601918137371296e-02
-1.517979742179877134e-02
5.385458625291995134e-04
-2.058654711167170678e-02
-8.197506972892888016e-03
1.284070521133711708e-02
1.644827522883954632e-02
-2.447075695364376094e-02
-3.028563432303076064e-02
3.252846049196473927e-03
-4.107532693802471574e-02
3.546639970319482443e-02
8.274395379702251252e-02
5.794138446862841241e-02
2.719567031792171838e-02
-1.077295775079745209e-03
3.703353414035466529e-02
-6.998572716649859027e-03
-3.058390831074765323e-02
-4.008494891840489079e-03
5.350212092778153933e-02
-3.550146472952115523e-03
-2.331160011826833439e-02
-3.091003277554367837e-02
6.341615305238543221e-02
1.679667317930289352e-02
-6.467981154033022265e-04
2.157703420651038706e-02
1.008096187156883039e-02
5.527826402733851049e-03
3.534981329775180314e-02
2.654658901533231072e-02
3.062221279608721633e-02
1.215194190670783325e-02
3.558158755241518784e-02
5.287874852416407645e-02
4.385834687534587162e-02
3.991205656661865608e-02
3.833185672211344985e-02
4.309315103818017745e-02
1.700974233870876026e-02
3.938720196573636950e-02
3.002888367638149175e-02
8.626277892273975095e-03
5.123398303392540098e-02
2.439488502295230829e-02
4.040130039675796786e-02
1.568216393847298717e-01
1.534107918658951693e-02
-3.857670153653482842e-04
5.080181517554534926e-02
6.035018065457758291e-02
3.366753182011641282e-02
7.561482832964612488e-02
1.138287373347081910e-01
9.669684243870073359e-02
7.043612440448754342e-02
4.017488729172736389e-02
1.324758788203852511e-01
1.361048184784575676e-01
4.777589407250539683e-02
3.590890885326977755e-02
1.021434838019767422e-01
1.146000474960728321e-01
1.067131899862689692e-01
1.279187822040418754e-01
1.229267555545868612e-01
7.602853198588872818e-02
1.093069501708560515e-01
9.039908960804877991e-02
1.144371029882738644e-01
8.374703440720838998e-02
1.303084718625203975e-01
1.850961441794880535e-01
8.912014633089718196e-02
7.436287721405586415e-02
9.236570349662927282e-02
1.878391031831361524e-01
8.343943693896584135e-02
4.092977431761282009e-02
1.129022612397734548e-01
1.048575115739667080e-01
1.667637253078837201e-01
6.268097983499464065e-02
3.292862494518776495e-02
-4.243809192258252150e-02
2.065927963685441557e-02
1.267411694456125615e-01
1.324121282489807983e-01
1.089492700817652621e-01
1.047036242937453704e-01
1.693598602835812428e-01
1.138364677732457836e-01
9.376000590317688788e-02
